7,2
7,1
7,0
6,2
6,1
6,0
6,3
5,2
5,1
5,0
7,3
0,300
0,299
0,298
0,297
5,3
0,296
0,295
0,294
0,293
0,292
0,291
0,290
0,289
0,288
0,287
0,286
0,285
0,284
0,283
0,282
0,281
0,280
0,279
0,278
0,277
0,276
0,275
0,274
0,273
0,272
0,271
0,270
0,269
0,268
0,267
0,266
0,265
0,264
0,263
0,262
0,261
0,260
0,259
0,258
0,257
0,256
0,255
0,254
0,253
0,252
0,251
0,250
0,249
0,248
0,247
0,246
0,245
0,244
0,243
0,242
0,241
0,240
0,239
0,238
0,237
0,236
0,235
0,234
0,233
0,232
0,231
0,230
0,229
0,228
0,227
0,226
0,225
0,224
0,223
0,222
0,221
0,220
0,219
0,218
0,217
0,216
0,215
0,214
0,213
0,212
0,211
0,210
0,209
0,208
0,207
0,206
0,205
0,204
0,203
0,202
0,201
0,200
0,199
0,198
0,197
0,196
0,195
0,194
0,193
0,192
0,63
0,62
0,61
0,60
0,59
0,58
0,57
0,56
0,55
0,54
0,53
0,52
0,51
0,50
0,49
0,48
0,47
0,46
0,45
0,9
0,2
0,1
0,0
8,45
10,44
9,44
8,44
10,43
9,43
8,43
10,42
9,42
8,42
10,41
9,41
8,41
10,40
9,40
8,40
10,39
9,39
8,39
10,38
9,38
8,38
10,37
9,37
8,37
10,36
9,36
8,36
10,35
9,35
8,35
10,34
9,34
8,34
10,33
9,33
8,33
10,32
9,32
8,32
10,31
9,31
8,31
10,30
9,30
8,30
10,29
9,29
8,29
10,28
9,28
8,28
10,27
9,27
8,27
10,26
9,26
8,26
10,25
9,25
8,25
10,24
9,24
8,24
10,23
9,23
8,23
10,22
9,22
8,22
10,21
9,21
8,21
10,20
9,20
8,20
10,19
9,19
8,19
10,18
9,18
8,18
10,17
9,17
8,17
10,16
9,16
8,16
10,15
9,15
8,15
10,14
9,14
8,14
10,13
9,13
8,13
10,12
9,12
8,12
10,11
9,11
8,11
10,10
9,10
8,10
10,9
9,9
8,9
10,8
9,8
8,8
10,7
9,7
8,7
10,6
9,6
8,6
10,5
9,5
8,5
10,4
9,4
8,4
10,3
9,3
8,3
0,6
0,5
0,304
0,303
0,306
0,305
0,302
0,12
0,10
0,8
0,11
0,7
0,4
0,3
